0
0.002
0.004
0.006
0.008
0.01
0.012
0.014
0.016
0.018
0.02
0.022
0.024
0.026
0.028
0.03
0.032
0.034
0.036
0.038
0.04
0.042
0.044
0.046
0.048
0.05
0.052
0.054
0.056
0.058
0.06
0.062
0.064
0.066
0.068
0.07
0.0720000000000001
0.0740000000000001
0.0760000000000001
0.0780000000000001
0.0800000000000001
0.0820000000000001
0.0840000000000001
0.0860000000000001
0.0880000000000001
0.0900000000000001
0.0920000000000001
0.0940000000000001
0.0960000000000001
0.0980000000000001
0.1
0.102
0.104
0.106
0.108
0.11
0.112
0.114
0.116
0.118
0.12
0.122
0.124
0.126
0.128
0.13
0.132
0.134
0.136
0.138
0.14
0.142
0.144
0.146
0.148
0.15
0.152
0.154
0.156
0.158
0.16
0.162
0.164
0.166
0.168
0.17
0.172
0.174
0.176
0.178
0.18
0.182
0.184
0.186
0.188
0.19
0.192
0.194
0.196
0.198
0.2
0.202
0.204
0.206
0.208
0.21
0.212
0.214
0.216
0.218
0.22
0.222
0.224
0.226
0.228
0.23
0.232
0.234
0.236
0.238
0.24
0.242
0.244
0.246
0.248
0.25
0.252
0.254
0.256
0.258
0.26
0.262
0.264
0.266
0.268
0.27
0.272
0.274
0.276
0.278
0.28
0.282
0.284
0.286
0.288
0.29
0.292
0.294
0.296
0.298
0.3
0.302
0.304
0.306
0.308
0.31
0.312
0.314
0.316
0.318
0.32
0.322
0.324
0.326
0.328
0.33
0.332
0.334
0.336
0.338
0.34
0.342
0.344
0.346
0.348
0.35
0.352
0.354
0.356
0.358
0.36
0.362
0.364
0.366
0.368
0.37
0.372
0.374
0.376
0.378
0.38
0.382
0.384
0.386
0.388
0.39
0.392
0.394
0.396
0.398
0.4
0.402
0.404
0.406
0.408
0.41
0.412
0.414
0.416
0.418
0.42
0.422
0.424
0.426
0.428
0.43
0.432
0.434
0.436
0.438
0.44
0.442
0.444
0.446
0.448
0.45
0.452
0.454
0.456
0.458
0.46
0.462
0.464
0.466
0.468
0.47
0.472
0.474
0.476
0.478
0.48
0.482
0.484
0.486
0.488
0.49
0.492
0.494
0.496
0.498
0.5
0.502
0.504
0.506
0.508
0.51
0.512
0.514
0.516
0.518
0.52
0.522
0.524
0.526
0.528
0.53
0.532
0.534
0.536
0.538
0.54
0.542
0.544
0.546
0.548
0.55
0.552
0.554
0.556
0.558
0.56
0.562
0.564
0.566
0.568
0.57
0.572
0.574
0.576
0.578
0.58
0.582
0.584
0.586
0.588
0.59
0.592
0.594
0.596
0.598
0.6
0.602
0.604
0.606
0.608
0.61
0.612
0.614
0.616
0.618
0.62
0.622
0.624
0.626
0.628
0.63
0.632
0.634
0.636
0.638
0.64
0.642
0.644
0.646
0.648
0.65
0.652
0.654
0.656
0.658
0.66
0.662
0.664
0.666
0.668
0.67
0.672
0.674
0.676
0.678
0.68
0.682
0.684
0.686
0.688000000000001
0.690000000000001
0.692000000000001
0.694000000000001
0.696000000000001
0.698000000000001
0.700000000000001
0.702000000000001
0.704000000000001
0.706000000000001
0.708000000000001
0.710000000000001
0.712000000000001
0.714000000000001
0.716000000000001
0.718000000000001
0.720000000000001
0.722000000000001
0.724000000000001
0.726000000000001
0.728000000000001
0.730000000000001
0.732000000000001
0.734000000000001
0.736000000000001
0.738000000000001
0.740000000000001
0.742000000000001
0.744000000000001
0.746000000000001
0.748000000000001
0.750000000000001
0.752000000000001
0.754000000000001
0.756000000000001
0.758000000000001
0.760000000000001
0.762000000000001
0.764000000000001
0.766000000000001
0.768000000000001
0.770000000000001
0.772000000000001
0.774000000000001
0.776000000000001
0.778000000000001
0.780000000000001
0.782000000000001
0.784000000000001
0.786000000000001
0.788000000000001
0.790000000000001
0.792000000000001
0.794000000000001
0.796000000000001
0.798000000000001
0.800000000000001
0.802000000000001
0.804000000000001
0.806000000000001
0.808000000000001
0.810000000000001
0.812000000000001
0.814000000000001
0.816000000000001
0.818000000000001
0.820000000000001
0.822000000000001
0.824000000000001
0.826000000000001
0.828000000000001
0.830000000000001
0.832000000000001
0.834000000000001
0.836000000000001
0.838000000000001
0.840000000000001
0.842000000000001
0.844000000000001
0.846000000000001
0.848000000000001
0.850000000000001
0.852000000000001
0.854000000000001
0.856000000000001
0.858000000000001
0.860000000000001
0.862000000000001
0.864000000000001
0.866000000000001
0.868000000000001
0.870000000000001
0.872000000000001
0.874000000000001
0.876000000000001
0.878000000000001
0.880000000000001
0.882000000000001
0.884000000000001
0.886000000000001
0.888000000000001
0.890000000000001
0.892000000000001
0.894000000000001
0.896000000000001
0.898000000000001
0.900000000000001
0.902000000000001
0.904000000000001
0.906000000000001
0.908000000000001
0.910000000000001
0.912000000000001
0.914000000000001
0.916000000000001
0.918000000000001
0.920000000000001
0.922000000000001
0.924000000000001
0.926000000000001
0.928000000000001
0.930000000000001
0.932000000000001
0.934000000000001
0.936000000000001
0.938000000000001
0.940000000000001
0.942000000000001
0.944000000000001
0.946000000000001
0.948000000000001
0.950000000000001
0.952000000000001
0.954000000000001
0.956000000000001
0.958000000000001
0.960000000000001
0.962000000000001
0.964000000000001
0.966000000000001
0.968000000000001
0.970000000000001
0.972000000000001
0.974000000000001
0.976000000000001
0.978000000000001
0.980000000000001
0.982000000000001
0.984000000000001
0.986000000000001
0.988000000000001
0.990000000000001
0.992000000000001
0.994000000000001
0.996000000000001
0.998000000000001
1
1.002
1.004
1.006
1.008
1.01
1.012
1.014
1.016
1.018
1.02
1.022
1.024
1.026
1.028
1.03
1.032
1.034
1.036
1.038
1.04
1.042
1.044
1.046
1.048
1.05
1.052
1.054
1.056
1.058
1.06
1.062
1.064
1.066
1.068
1.07
1.072
1.074
1.076
1.078
1.08
1.082
1.084
1.086
1.088
1.09
1.092
1.094
1.096
1.098
1.1
1.102
1.104
1.106
1.108
1.11
1.112
1.114
1.116
1.118
1.12
1.122
1.124
1.126
1.128
1.13
1.132
1.134
1.136
1.138
1.14
1.142
1.144
1.146
1.148
1.15
1.152
1.154
1.156
1.158
1.16
1.162
1.164
1.166
1.168
1.17
1.172
1.174
1.176
1.178
1.18
1.182
1.184
1.186
1.188
1.19
1.192
1.194
1.196
1.198
1.2
1.202
1.204
1.206
1.208
1.21
1.212
1.214
1.216
1.218
1.22
1.222
1.224
1.226
1.228
1.23
1.232
1.234
1.236
1.238
1.24
1.242
1.244
1.246
1.248
1.25
1.252
1.254
1.256
1.258
1.26
1.262
1.264
1.266
1.268
1.27
1.272
1.274
1.276
1.278
1.28
1.282
1.284
1.286
1.288
1.29
1.292
1.294
1.296
1.298
1.3
1.302
1.304
1.306
1.308
1.31
1.312
1.314
1.316
1.318
1.32
1.322
1.324
1.326
1.328
1.33
1.332
1.334
1.336
1.338
1.34
1.342
1.344
1.346
1.348
1.35
1.352
1.354
1.356
1.358
1.36
1.362
1.364
1.366
1.368
1.37
1.372
1.374
1.376
1.378
1.38
1.382
1.384
1.386
1.388
1.39
1.392
1.394
1.396
1.398
1.4
1.402
1.404
1.406
1.408
1.41
1.412
1.414
1.416
1.418
1.42
1.422
1.424
1.426
1.428
1.43
1.432
1.434
1.436
1.438
1.44
1.442
1.444
1.446
1.448
1.45
1.452
1.454
1.456
1.458
1.46
1.462
1.464
1.466
1.468
1.47
1.472
1.474
1.476
1.478
1.48
1.482
1.484
1.486
1.488
1.49
1.492
1.494
1.496
1.498
1.5
1.502
1.504
1.506
1.508
1.51
1.512
1.514
1.516
1.518
1.52
1.522
1.524
1.526
1.528
1.53
1.532
1.534
1.536
1.538
1.54
1.542
1.544
1.546
1.548
1.55
1.552
1.554
1.556
1.558
1.56
1.562
1.564
1.566
1.568
1.57
1.572
1.574
1.576
1.578
1.58
1.582
1.584
1.586
1.588
1.59
1.592
1.594
1.596
1.598
1.6
1.602
1.604
1.606
1.608
1.61
1.612
1.614
1.616
1.618
1.62
1.622
1.624
1.626
1.628
1.63
1.632
1.634
1.636
1.638
1.64
1.642
1.644
1.646
1.648
1.65
1.652
1.654
1.656
1.658
1.66
1.662
1.664
1.666
1.668
1.67
1.672
1.674
1.676
1.678
1.68
1.682
1.684
1.686
1.688
1.69
1.692
1.694
1.696
1.698
1.7
1.702
1.704
1.706
1.708
1.71
1.712
1.714
1.716
1.718
1.72
1.722
1.724
1.726
1.728
1.73
1.732
1.734
1.736
1.738
1.74
1.742
1.744
1.746
1.748
1.75
1.752
1.754
1.756
1.758
1.76
1.762
1.764
1.766
1.768
1.77
1.772
1.774
1.776
1.778
1.78
1.782
1.784
1.786
1.788
1.79
1.792
1.794
1.796
1.798
1.8
1.802
1.804
1.806
1.808
1.81
1.812
1.814
1.816
1.818
1.82
1.822
1.824
1.826
1.828
1.83
1.832
1.834
1.836
1.838
1.84
1.842
1.844
1.846
1.848
1.85
1.852
1.854
1.856
1.858
1.86
1.862
1.864
1.866
1.868
1.87
1.872
1.874
1.876
1.878
1.88
1.882
1.884
1.886
1.888
1.89
1.892
1.894
1.896
1.898
1.9
1.902
1.904
1.906
1.908
1.91
1.912
1.914
1.916
1.918
1.92
1.922
1.924
1.926
1.928
1.93
1.932
1.934
1.936
1.938
1.94
1.942
1.944
1.946
1.948
1.95
1.952
1.954
1.956
1.958
1.96
1.962
1.964
1.966
1.968
1.97
1.972
1.974
1.976
1.978
1.98
1.982
1.984
1.986
1.988
1.99
1.992
1.994
1.996
1.998
2
2.002
2.004
2.006
2.008
2.01
2.012
2.014
2.016
2.018
2.02
2.022
2.024
2.026
2.028
2.03
2.032
2.034
2.036
2.038
2.04
2.042
2.044
2.046
2.048
2.05
2.052
2.054
2.056
2.05799999999999
2.05999999999999
2.06199999999999
2.06399999999999
2.06599999999999
2.06799999999999
2.06999999999999
2.07199999999999
2.07399999999999
2.07599999999999
2.07799999999999
2.07999999999999
2.08199999999999
2.08399999999999
2.08599999999999
2.08799999999999
2.08999999999999
2.09199999999999
2.09399999999999
2.09599999999999
2.09799999999999
2.09999999999999
2.10199999999999
2.10399999999999
2.10599999999999
2.10799999999999
2.10999999999999
2.11199999999999
2.11399999999999
2.11599999999999
2.11799999999999
2.11999999999999
2.12199999999999
2.12399999999999
2.12599999999999
2.12799999999999
2.12999999999999
2.13199999999999
2.13399999999999
2.13599999999999
2.13799999999999
2.13999999999999
2.14199999999999
2.14399999999999
2.14599999999999
2.14799999999999
2.14999999999998
2.15199999999998
2.15399999999998
2.15599999999998
2.15799999999998
2.15999999999998
2.16199999999998
2.16399999999998
2.16599999999998
2.16799999999998
2.16999999999998
2.17199999999998
2.17399999999998
0
0
0
0
0
0
0
0
0
0
0
0
0
0
0
0
0
0
0
0
0
0
0
0
0
0
0
0
0
0
0
0
0
0
0
0
0
0
0
0
0
0
0
0
0
0
0
0
0
0
0
0
0
0
0
0
0
0
0
0
0
0
0
0
0
0
0
0
0
0
0
0
0
0
0
0
0
0
0
0
0
0
0
0
0
0
0
0
0
0
0
0
0
0
0
0
0
0
0
0
0
0
0
0
0
0
0
0
0
0
0
0
0
0
0
0
0
0
0
0
0
0
0
0
0
0
0
0
0
0
0
0
0
0
0
0
0
0
0
0
0
0
0
0
0
0
0
0
0
0
0
0
0
0
0
0
0
0
0
0
0
0
0
0
0
0
0
0
0
0
0
0
0
0
0
0
0
0
0
0
0
0
0
0
0
0
0
0
0
0
0
0
0
0
0
0
0
0
0
0
0
0
0
0
0
0
0
0
0
0
0
0
0
0
0
0
0
0
0
0
0
0
0
0
0
0
0
0
0
0
0
0
0
0
0
0
0
0
0
0
0
0
0
0
0
0
0
0
0
0
0
0
0
0
0
0
0
0
0
0
0
0
0
0
0
0
0
0
0
0
0
0
0
0
0
0
0
0
0
0
0
0
0
0
0
0
0
0
0
0
0
0
0
0
0
0
0
0
0
0
0
0
0
0
0
0
0
0
0
0
0
0
0
0
0
0
0
0
0
0
0
0
0
0
0
0
0
0
0
0
0
0
0
0
0
0
0
0
0
0
0
0
0
0
0
0
0
0
0
0
0
0
0
0
0
0
0
0
0
0
0
0
0
0
0
0
0
0
0
0
0
0
0
0
0
0
0
0
0
0
0
0
0
0
0
0
0
0
0
0
0
0
0
0
0
0
0
0
0
0
0
0
0
0
0
0
0
0
0
0
0
0
0
0
0
0
0
0
0
0
0
0
0
0
0
0
0
0
0
0
0
0
0
0
0
0
0
0
0
0
0
0
0
0
0
0
0
0
0
0
0
0
0
0
0
0
0
0
0
0
0
0
0
0
0
0
0
0
0
0
0
0
0
0
0
0
0
0
0
0
0
0
0
0
0
0
0
0
0
0
0
0
0
0
0
0
0
0
0
0
0
0
0
0
0
0
0
0
0
0
0
0
0
0
0
0
0
0
0
0
0
0
0
0
0
0
0
0
0
0
0
0
0
0
0
0
0
0
0
0
0
0
0
0
0
0
0
0
0
0
0
0
0
0
0
0
0
0
0
0
0
0
0
0
0
0
0
0
0
0
0
0
0
0
0
0
0
0
0
0
0
0
0
0
0
0
0
0
0
0
0
0
0
0
0
0
0
0
0
0
0
0
0
0
0
0
0
0
0
0
0
0
0
0
0
0
0
0
0
0
0
0
0
0
0
0
0
0
0
0
0
0
0
0
0
0
0
0
0
0
0
0
0
0
0
0
0
0
0
0
0
0
0
0
0
0
0
0
0
0
0
0
0
0
0
0
0
0
0
0
0
0
0
0
0
0
0
0
0
0
0
0
0
0
0
0
0
0
0
0
0
0
0
0
0
0
0
0
0
0
0
0
0
0
0
0
0
0
0
0
0
0
0
0
0
0
0
0
0
0
0
0
0
0
0
0
0
0
0
0
0
0
0
0
0
0
0
0
0
0
0
0
0
0
0
0
0
0
0
0
0
0
0
0
0
0
0
0
0
0
0
0
0
0
0
0
0
0
0
0
0
0
0
0
0
0
0
0
0
0
0
0
0
0
0
0
0
0
0
0
0
0
0
0
0
0
0
0
0
0
0
0
0
0
0
0
0
0
0
0
0
0
0
0
0
0
0
0
0
0
0
0
0
0
0
0
0
0
0
0
0
0
0
0
0
0
0
0
0
0
0
0
0
0
0
0
0
0
0
0
0
0
0
0
0
0
0
0
0
0
0
0
0
0
0
0
0
0
0
0
0
0
0
0
0
0
0
0
0
0
0
0
0
0
0
0
0
0
0
0
0
0
0
0
0
0
0
0
0
0
0
0
0
0
0
0
0
0
0
0
0
0
0
0
0
0
0
0
0
0
0
0
0
0
0
0
0
0
0
0
0
0
0
0
0
0
0
0
0
0
0
0
0
0
0
0
0
0
0
0
0
0
0
0
0
0
0
0
0
0
0
0
0
0
0
0
0
0
0
0
0
0
0
0
0
0
0
0
0
0
0
0
0
0
0
0
0
0
0
0
0
0
0
0
0
0
0
0
0
0
0
0
0
0
0
0
0
0
0
0
0
0
0
0
0
0
0
0
0
0
0
0
0
0
0
0
0
0
0
0
0
0
0
0
0
0
0
0
0
0
0
0
0
0
0
0
0
0
0
0
0
0
0
0
0
0
0
0
0
0
0
0
0
0
0
0
0
0
0
0
0
0
0
0
0
0
0
0
0
0
0
0
0
0
0
0
0
0
0
0
0
0
0
0
0
0
0
0
0
0
0
0
0
0
0
0
0
0
0
0
0
0
0
0
0
0
0
0
0
0
0
0
0
0
0
0
0
0
0
0
0
0
0
0
0
0
0
0
0
0
0
0
0
0
0
0
0
0
0
0
0
0
0
0
0
0
0
0
0
0
0
0
0
0
0
0
0
0
0
0
0
0
0
0
0
0
0
0
0
0
0
0
0
0
0
0
0
0
0
0
0
0
0
0
0
0
0
0
0
0
0
0
0
0
0
0
0
0
0
0
0
0
0
0
0
0
0
0
0
0
0
0
0
0
0
0
0
0
0
0
0
0
0
0
0
0
0
0
0
0
0
0
0
0
0
0
0
0
0
0
0
0
0
0
0
0
0
0
0
0
0
0
0
0
0
0
0
0
0
0
0
0
0
0
0
0
0
0
0
0
0
0
0
0
0
0
0
0
0
0
0
0
0
0
0
0
0
0
0
0
0
0
0
0
0
0
0
0
0
0
0
0
0
0
0
0
0
0
0
0
0
0
0
0
0
0
0
0
0
0
0
0
0
0
0
0
0
0
0
0
0
0
0
0
0
0
0
0
0
0
0
0
0
0
0
0
0
0
0
0
0
0
0
0
0
0
0
0
0
0
0
0
0
0
0
0
0
0
0
0
0
0
0
0
0
0
0
0
0
0
0
0
0
0
0
0
0
0
0
0
0
0
0
0
0
0
0
0
0
0
0
0
0
